../assets/tile_sheets/bigTileSheetWarehouseSecurity.txt
MAP_START
74,74,74,74,74,74,74,74,74,74,74
74,74,74,74,74,74,74,74,74,74,74
639,74,74,74,74,74,74,74,74,74,74
15,16,247,248,249,250,74,74,639,639,74
52,53,284,285,286,287,639,639,74,74,74
89,90,74,74,74,74,245,898,74,74,74
126,127,74,74,74,74,282,74,74,74,74
74,74,74,74,74,74,74,74,74,74,74
74,193,74,74,74,74,193,74,74,74,74
906,230,74,74,74,74,230,898,74,74,74
MAP_END
ENTITIES_START
1,0,1
2,1,0
2,1,1
2,2,2
2,3,1
5,4,0
12,2,9,3,5
12,5,9,3,5
12,4,9,3,5
12,3,9,3,5
12,2,5,3,5
12,3,5,3,5
12,4,5,3,5
12,5,5,3,5
7,2,6
7,3,6
7,4,6
7,5,6
7,2,8
7,3,8
7,4,8
7,5,8
8,2,7
8,3,7
8,4,7
8,5,7
8,6,7
2,10,2
2,9,0
2,7,0
2,6,2
2,7,2
5,6,3
5,8,0
5,8,1
6,10,5
6,10,6
6,10,7
6,10,8
6,10,9
ENTITIES_END
CONTACTS_START
6,15
6,16
33,19
33,20
34,17
34,18
35,21
35,22
36,23
37,24
38,25
39,26
40,27
CONTACTS_END
../assets/levels/official/_lavaFactory.txt