../assets/tile_sheets/bigTileSheetWarehouseSecurity.txt
MAP_START
0,0,0,0,0,0,0,0,0,0,0,0,0,0,0,0,0,0,0,0
0,0,191,192,0,0,0,0,0,0,0,0,0,0,0,0,0,0,0,0
0,0,228,229,0,0,0,0,0,0,0,0,0,0,0,0,0,0,0,0
0,0,0,0,0,0,0,0,0,0,0,0,0,0,0,0,0,0,0,0
0,0,0,38,38,0,38,38,38,0,0,0,0,0,0,0,0,0,0,0
0,0,0,38,22,23,24,25,38,0,0,0,0,0,0,0,0,0,0,0
0,0,0,38,59,60,61,62,38,0,0,0,0,0,0,0,0,0,0,0
0,0,0,38,96,97,98,99,38,0,0,0,0,0,0,0,0,0,0,0
0,0,0,38,133,134,135,136,38,0,0,0,0,0,0,0,0,0,0,0
0,0,0,38,38,38,38,38,38,0,0,0,0,0,0,0,0,0,0,0
0,0,0,0,0,0,0,0,0,0,0,0,0,0,0,0,0,0,0,0
0,0,0,0,0,0,0,0,0,0,0,0,0,0,0,0,0,0,0,0
0,0,0,0,0,0,0,0,0,0,0,0,0,0,0,0,0,0,0,0
0,0,0,0,0,0,0,0,0,0,0,0,0,0,0,0,0,0,0,0
0,0,0,0,0,0,0,0,0,0,0,0,0,0,0,0,0,0,0,0
0,0,0,0,0,0,0,0,0,0,0,0,0,0,0,0,0,0,0,0
0,0,0,0,0,0,0,0,0,0,0,0,0,0,0,0,0,0,0,0
0,0,0,0,0,0,0,0,0,0,0,0,0,0,0,0,0,0,0,0
0,0,0,0,0,0,0,0,0,0,0,0,0,0,0,0,0,0,0,0
0,0,0,0,0,0,0,0,0,0,0,0,0,0,0,0,0,0,0,0
MAP_END
ENTITIES_START
1,0,0
12,5,6,3,5
12,6,7,3,5
7,5,4
3,7,1
ENTITIES_END
CONTACTS_START
5,4
CONTACTS_END
