../assets/tile_sheets/bigTileSheetWarehouseSecurity.txt
MAP_START
0,0,0,0,0,0,0,0,0,0,38,906
0,0,0,0,0,0,0,0,0,0,38,0
0,0,894,894,894,894,894,0,0,0,38,0
0,0,894,894,894,894,894,0,0,0,38,0
0,0,894,894,894,894,894,0,0,0,38,0
0,0,894,894,894,894,894,0,0,0,38,0
0,0,0,894,894,894,894,0,0,0,0,0
0,0,0,0,894,0,0,0,0,0,0,0
0,0,0,0,0,0,0,0,0,0,0,0
0,0,0,0,0,0,0,0,0,0,0,0
MAP_END
ENTITIES_START
1,0,0
2,6,2
2,3,6
2,2,5
6,4,4
6,4,7
6,7,7
6,5,8
7,5,7
7,6,7
7,7,6
7,7,5
7,7,4
7,7,3
7,7,2
7,6,1
7,5,1
7,4,1
7,3,1
7,2,1
7,1,2
7,1,3
7,1,4
7,1,5
7,2,6
7,3,7
7,4,8
6,6,8
6,8,6
6,8,5
6,8,4
6,8,3
6,8,2
6,7,1
6,6,0
6,5,0
6,4,0
6,3,0
6,2,0
6,1,1
6,0,2
6,0,3
6,0,4
6,0,5
6,1,6
6,2,7
6,3,8
7,11,1
7,11,3
ENTITIES_END
CONTACTS_START
5,48
6,49
7,10
7,11
8,9
8,27
28,10
29,11
30,12
31,13
32,14
33,15
34,15
34,16
35,16
36,17
37,18
38,19
39,20
40,20
40,21
41,21
42,22
43,23
44,24
45,24
45,25
46,25
46,26
47,26
47,27
CONTACTS_END
