../assets/tile_sheets/bigTileSheetWarehouseSecurity.txt
MAP_START
2,190,190,190,190,190,190,190,190,906
39,227,227,227,227,227,227,227,227,227
0,0,0,0,0,0,0,0,0,0
0,0,0,0,0,0,0,0,0,0
0,0,0,0,0,0,0,0,454,0
0,0,0,0,0,0,0,0,0,0
0,0,0,0,0,0,0,0,0,0
0,0,0,0,0,0,0,0,0,0
0,0,0,0,0,0,0,0,0,0
0,0,0,0,0,0,0,0,0,0
MAP_END
ENTITIES_START
1,5,3
2,0,9
3,1,8
3,3,6
2,2,7
2,3,7
2,4,7
2,4,5
2,5,6
2,5,8
2,6,8
2,6,7
2,7,7
3,6,6
3,8,8
2,9,9
8,2,0
8,4,0
8,6,0
8,8,0
ENTITIES_END
CONTACTS_START
3,17
4,18
14,19
15,20
CONTACTS_END
